





Кольцевая                                                                                                                                                                  ТСД-ЖД "ИнфаТрэк"
Кольцевая                                                                                                                                                                        ИТ-03-097-06
                                                                              Распечатка измерений веса N 095
                                                                                     от 25.02.23  01:12:52
  Клиент
                                 ----------------------------------------------------------------------------------------------------
  Груз                           Кальмакыр
   Экскаватор                    ---------------------------------------------------------------------------------------------------
                                 55
                                 ---------------------------------------------------------------------------------------------------
 Взвешивание в движении
|
|
-------------------------------------------------------------------------------------------------------------------------------------------------------------------------------------------
     Вагон    | Грузоподъем  |          Фактическая масса, кг             |  Откл   | Ср.    | К-во    -------------------------------------------------------------------------------------
              |  ность, кг   |                                            |   +-    |скор.   | осей    |                                Нагрузка по осям                                   |
              |              |                                            |         |        |         |                                                                                   |
                             --------------------------------------------
                              ----------------------------------------
                                Брутто     |   Тара       |   Нетто                                    -------------------------------------------------------------------------------------
                                           |              |                                               ось1   | ось2   | ось3   |     ось4   |  ось5   |  ось6    |  ось7    |   ось8
-------------------------------------------------------------------------------------------------------------------------------------------------------------------------------------------
|      1      |    105000    |   125150    |   125150     |     0         |  -1050  | 3,88   |    4    | 32900   |30950   | 31600  |   32900    |   0     |    0     |    0     |   0      |
 ---------------------------------------------------------------------------------------------------------------------------------------------------------------------------------------------
|      2      |    105000    |   140400    |   86150      |   54250       |  -5075  | 3,64   |    4    | 34900   |35350   | 35200  |   34900    |   0     |    0     |    0     |   0      |
 ---------------------------------------------------------------------------------------------------------------------------------------------------------------------------------------------
|      3      |    105000    |   164000    |   107000     |   57000       |  -4800  | 4,26   |    6    | 28050   |26450   | 26750  |   27850    | 28050   |  28050   |    0     |   0      |
 ---------------------------------------------------------------------------------------------------------------------------------------------------------------------------------------------
|      4      |    105000    |   159600    |   49000      |   110600      |  5600   | 4,58   |    6    | 26450   |26650   | 26850  |   26200    | 26700   |  26450   |    0     |   0      |
 ---------------------------------------------------------------------------------------------------------------------------------------------------------------------------------------------
|      5      |    105000    |   163050    |   49000      |   114050      |  9050   | 4,80   |    6    | 27350   |27150   | 26750  |   27100    | 27300   |  27350   |    0     |   0      |
 ---------------------------------------------------------------------------------------------------------------------------------------------------------------------------------------------
|      6      |    105000    |   167100    |   49000      |   118100      |  13100  | 4,88   |    6    | 27050   |28850   | 28450  |   26850    | 27300   |  27050   |    0     |   0      |
 ---------------------------------------------------------------------------------------------------------------------------------------------------------------------------------------------
|      7      |    105000    |   163600    |   49000      |   114600      |  9600   | 5,04   |    6    | 27100   |27750   | 27650  |   26250    | 27200   |  27100   |    0     |   0      |
 ---------------------------------------------------------------------------------------------------------------------------------------------------------------------------------------------
|      8      |    105000    |   165200    |   49000      |   116200      |  11200  | 4,80   |    6    | 26600   |28650   | 27850  |   26700    | 26550   |  26600   |    0     |   0      |
 ---------------------------------------------------------------------------------------------------------------------------------------------------------------------------------------------
|      9      |    105000    |   162200    |   49000      |   113200      |  8200   | 4,73   |    6    | 25400   |28750   | 29650  |   25050    | 25450   |  25400   |    0     |   0      |
 ---------------------------------------------------------------------------------------------------------------------------------------------------------------------------------------------
|     10      |    105000    |   159350    |   49000      |   110350      |  5350   | 4,45   |    6    | 26650   |25850   | 26000  |   27700    | 27450   |  26650   |    0     |   0      |
 ---------------------------------------------------------------------------------------------------------------------------------------------------------------------------------------------
|     11      |    105000    |   160800    |   49000      |   111800      |  6800   | 4,09   |    6    | 26700   |27100   | 27000  |   26250    | 26600   |  26700   |    0     |   0      |
 ---------------------------------------------------------------------------------------------------------------------------------------------------------------------------------------------
|     12      |    105000    |   165400    |   49000      |   116400      |  11400  | 4,09   |    6    | 27000   |27950   | 28550  |   26900    | 27150   |  27000   |    0     |   0      |
 ---------------------------------------------------------------------------------------------------------------------------------------------------------------------------------------------
|     13      |    105000    |   168400    |   49000      |   119400      |  14400  | 4,03   |    6    | 27100   |28600   | 29400  |   27450    | 26950   |  27100   |    0     |   0      |
 ---------------------------------------------------------------------------------------------------------------------------------------------------------------------------------------------
|     14      |    105000    |   157050    |   49000      |   108050      |  3050   | 4,45   |    6    | 24550   |28050   | 27000  |   24900    | 25000   |  24550   |    0     |   0      |
 ---------------------------------------------------------------------------------------------------------------------------------------------------------------------------------------------
|     15      |    105000    |   182400    |   49000      |   133400      |  28400  | 4,73   |    6    | 31500   |29200   | 29100  |   32200    | 31200   |  31500   |    0     |   0      |
 ---------------------------------------------------------------------------------------------------------------------------------------------------------------------------------------------
 Итого             1575000       2403700        906300        1497400        -77600


Весовщик _____________________                        Жамотова С.




















