





Кольцевая                                                                                                                                                                  ТСД-ЖД "ИнфаТрэк"
Кольцевая                                                                                                                                                                        ИТ-03-097-06
                                                                              Распечатка измерений веса N 166
                                                                                     от 25.02.23  00:55:57
  Клиент
                                 ----------------------------------------------------------------------------------------------------
  Груз                           Кальмакыр
   Экскаватор                    ---------------------------------------------------------------------------------------------------
                                 16
                                 ---------------------------------------------------------------------------------------------------
 Взвешивание в движении
|
|
-------------------------------------------------------------------------------------------------------------------------------------------------------------------------------------------
     Вагон    | Грузоподъем  |          Фактическая масса, кг             |  Откл   | Ср.    | К-во    -------------------------------------------------------------------------------------
              |  ность, кг   |                                            |   +-    |скор.   | осей    |                                Нагрузка по осям                                   |
              |              |                                            |         |        |         |                                                                                   |
                             --------------------------------------------
                              ----------------------------------------
                                Брутто     |   Тара       |   Нетто                                    -------------------------------------------------------------------------------------
                                           |              |                                               ось1   | ось2   | ось3   |     ось4   |  ось5   |  ось6    |  ось7    |   ось8
-------------------------------------------------------------------------------------------------------------------------------------------------------------------------------------------
|      1      |    105000    |   123200    |   123200     |     0         |  -1050  | 4,65   |    4    | 31700   |30450   | 31650  |   31700    |   0     |    0     |    0     |   0      |
 ---------------------------------------------------------------------------------------------------------------------------------------------------------------------------------------------
|      2      |    105000    |   119300    |   119300     |     0         |  -1050  | 4,73   |    4    | 30100   |30350   | 29250  |   30100    |   0     |    0     |    0     |   0      |
 ---------------------------------------------------------------------------------------------------------------------------------------------------------------------------------------------
|      3      |    105000    |   170800    |   122000     |   48800       |  -5620  | 4,80   |    6    | 27450   |29650   | 29000  |   27400    | 27950   |  27450   |    0     |   0      |
 ---------------------------------------------------------------------------------------------------------------------------------------------------------------------------------------------
|      4      |    105000    |   173050    |   49000      |   124050      |  19050  | 4,80   |    6    | 29500   |28750   | 28500  |   29200    | 28700   |  29500   |    0     |   0      |
 ---------------------------------------------------------------------------------------------------------------------------------------------------------------------------------------------
|      5      |    105000    |   163200    |   49000      |   114200      |  9200   | 4,73   |    6    | 27400   |27150   | 27150  |   27300    | 27200   |  27400   |    0     |   0      |
 ---------------------------------------------------------------------------------------------------------------------------------------------------------------------------------------------
|      6      |    105000    |   165100    |   49000      |   116100      |  11100  | 4,58   |    6    | 28500   |26350   | 26850  |   27850    | 28550   |  28500   |    0     |   0      |
 ---------------------------------------------------------------------------------------------------------------------------------------------------------------------------------------------
|      7      |    105000    |   167450    |   49000      |   118450      |  13450  | 4,65   |    6    | 27550   |27800   | 28600  |   27750    | 28050   |  27550   |    0     |   0      |
 ---------------------------------------------------------------------------------------------------------------------------------------------------------------------------------------------
|      8      |    105000    |   169150    |   49000      |   120150      |  15150  | 4,45   |    6    | 28250   |27150   | 28200  |   29400    | 28600   |  28250   |    0     |   0      |
 ---------------------------------------------------------------------------------------------------------------------------------------------------------------------------------------------
|      9      |    105000    |   164950    |   49000      |   115950      |  10950  | 4,14   |    6    | 27000   |27350   | 27800  |   27750    | 27500   |  27000   |    0     |   0      |
 ---------------------------------------------------------------------------------------------------------------------------------------------------------------------------------------------
|     10      |    105000    |   164600    |   49000      |   115600      |  10600  | 3,36   |    6    | 27100   |27700   | 28450  |   26950    | 26500   |  27100   |    0     |   0      |
 ---------------------------------------------------------------------------------------------------------------------------------------------------------------------------------------------
|     11      |    105000    |   166100    |   49000      |   117100      |  12100  | 3,05   |    6    | 29350   |26000   | 27050  |   28300    | 28650   |  29350   |    0     |   0      |
 ---------------------------------------------------------------------------------------------------------------------------------------------------------------------------------------------
|     12      |    105000    |   167000    |   49000      |   118000      |  13000  | 2,36   |    6    | 28600   |26900   | 27100  |   28400    | 28750   |  28600   |    0     |   0      |
 ---------------------------------------------------------------------------------------------------------------------------------------------------------------------------------------------
|     13      |    105000    |   171000    |   49000      |   122000      |  17000  | 3,36   |    6    | 27650   |28850   | 29800  |   27450    | 28050   |  27650   |    0     |   0      |
 ---------------------------------------------------------------------------------------------------------------------------------------------------------------------------------------------
|     14      |    105000    |   168750    |   49000      |   119750      |  14750  | 3,52   |    6    | 28350   |27850   | 28400  |   27950    | 28950   |  28350   |    0     |   0      |
 ---------------------------------------------------------------------------------------------------------------------------------------------------------------------------------------------
|     15      |    105000    |   168300    |   49000      |   119300      |  14300  | 3,48   |    6    | 28850   |26950   | 27700  |   28750    | 28750   |  28850   |    0     |   0      |
 ---------------------------------------------------------------------------------------------------------------------------------------------------------------------------------------------
 Итого             1575000       2421950        952500        1469450       -105550


Весовщик _____________________                        Жамотова С.




















