





Кольцевая                                                                                                                                                                  ТСД-ЖД "ИнфаТрэк"
Кольцевая                                                                                                                                                                        ИТ-03-097-06
                                                                              Распечатка измерений веса N 298
                                                                                     от 25.02.23  00:40:46
  Клиент
                                 ----------------------------------------------------------------------------------------------------
  Груз                           Кальмакыр
   Экскаватор                    ---------------------------------------------------------------------------------------------------
                                 35
                                 ---------------------------------------------------------------------------------------------------
 Взвешивание в движении
|
|
-------------------------------------------------------------------------------------------------------------------------------------------------------------------------------------------
     Вагон    | Грузоподъем  |          Фактическая масса, кг             |  Откл   | Ср.    | К-во    -------------------------------------------------------------------------------------
              |  ность, кг   |                                            |   +-    |скор.   | осей    |                                Нагрузка по осям                                   |
              |              |                                            |         |        |         |                                                                                   |
                             --------------------------------------------
                              ----------------------------------------
                                Брутто     |   Тара       |   Нетто                                    -------------------------------------------------------------------------------------
                                           |              |                                               ось1   | ось2   | ось3   |     ось4   |  ось5   |  ось6    |  ось7    |   ось8
-------------------------------------------------------------------------------------------------------------------------------------------------------------------------------------------
|      1      |    105000    |   126550    |   126550     |     0         |  -1050  | 5,50   |    4    | 31200   |32850   | 31800  |   31200    |   0     |    0     |    0     |   0      |
 ---------------------------------------------------------------------------------------------------------------------------------------------------------------------------------------------
|      2      |    105000    |   119900    |   119900     |     0         |  -1050  | 5,71   |    4    | 30500   |30600   | 29600  |   30500    |   0     |    0     |    0     |   0      |
 ---------------------------------------------------------------------------------------------------------------------------------------------------------------------------------------------
|      3      |    105000    |   146800    |   111000     |   35800       |  -6920  | 5,82   |    6    | 25150   |24100   | 24350  |   24700    | 25100   |  25150   |    0     |   0      |
 ---------------------------------------------------------------------------------------------------------------------------------------------------------------------------------------------
|      4      |    105000    |   154450    |   49000      |   105450      |   450   | 5,82   |    6    | 24750   |25850   | 26400  |   25950    | 25100   |  24750   |    0     |   0      |
 ---------------------------------------------------------------------------------------------------------------------------------------------------------------------------------------------
|      5      |    105000    |   155000    |   49000      |   106000      |  1000   | 5,71   |    6    | 25700   |26150   | 25950  |   25500    | 25350   |  25700   |    0     |   0      |
 ---------------------------------------------------------------------------------------------------------------------------------------------------------------------------------------------
|      6      |    105000    |   145450    |   49000      |   96450       |  -8550  | 5,71   |    6    | 24300   |24200   | 24250  |   23950    | 24850   |  24300   |    0     |   0      |
 ---------------------------------------------------------------------------------------------------------------------------------------------------------------------------------------------
|      7      |    105000    |   156450    |   49000      |   107450      |  2450   | 5,50   |    6    | 25350   |26850   | 26700  |   25450    | 25700   |  25350   |    0     |   0      |
 ---------------------------------------------------------------------------------------------------------------------------------------------------------------------------------------------
|      8      |    105000    |   159500    |   49000      |   110500      |  5500   | 5,31   |    6    | 26950   |26550   | 26700  |   25850    | 26450   |  26950   |    0     |   0      |
 ---------------------------------------------------------------------------------------------------------------------------------------------------------------------------------------------
|      9      |    105000    |   155900    |   49000      |   106900      |  1900   | 5,04   |    6    | 25350   |26400   | 25850  |   26050    | 25650   |  25350   |    0     |   0      |
 ---------------------------------------------------------------------------------------------------------------------------------------------------------------------------------------------
|     10      |    105000    |   159300    |   49000      |   110300      |  5300   | 4,96   |    6    | 28000   |26400   | 25850  |   26450    | 27050   |  28000   |    0     |   0      |
 ---------------------------------------------------------------------------------------------------------------------------------------------------------------------------------------------
|     11      |    105000    |   158000    |   49000      |   109000      |  4000   | 4,88   |    6    | 26450   |26500   | 26450  |   25700    | 26450   |  26450   |    0     |   0      |
 ---------------------------------------------------------------------------------------------------------------------------------------------------------------------------------------------
|     12      |    105000    |   161600    |   49000      |   112600      |  7600   | 4,88   |    6    | 26850   |27300   | 26500  |   27150    | 26800   |  26850   |    0     |   0      |
 ---------------------------------------------------------------------------------------------------------------------------------------------------------------------------------------------
|     13      |    105000    |   156900    |   49000      |   107900      |  2900   | 4,80   |    6    | 25700   |26500   | 25600  |   26650    | 25750   |  25700   |    0     |   0      |
 ---------------------------------------------------------------------------------------------------------------------------------------------------------------------------------------------
|     14      |    105000    |   158350    |   49000      |   109350      |  4350   | 4,96   |    6    | 27000   |26700   | 26450  |   25600    | 26000   |  27000   |    0     |   0      |
 ---------------------------------------------------------------------------------------------------------------------------------------------------------------------------------------------
|     15      |    105000    |   156600    |   49000      |   107600      |  2600   | 5,21   |    6    | 26050   |25650   | 26250  |   26250    | 26600   |  26050   |    0     |   0      |
 ---------------------------------------------------------------------------------------------------------------------------------------------------------------------------------------------
 Итого             1575000       2270750        945450        1325300       -249700


Весовщик _____________________                        Жамотова С.




















